rpm,temp,level
1962,44,1
1839,44,1
1786,44,1
1905,52,1
1959,48,1
1960,47,1
1959,47,1
1959,53,1
1958,48,1
1958,47,1
1959,47,1
1959,48,1
1959,46,1
1959,47,1
1959,46,1
1792,46,1
1826,58,1
1930,50,1
1957,48,1
1957,47,1
1957,47,1
1958,48,1
1956,47,1
1915,48,1
1784,46,1
1830,52,1
1928,51,1
1955,51,1
1957,49,1
1958,50,1
1957,52,1
1959,49,1
1957,50,1
1959,50,1
1959,49,1
1959,48,1
1953,49,1
1959,47,1
1959,46,1
1958,46,1
1786,46,1
1830,54,1
1930,49,1
1955,47,1
1954,47,1
1954,49,1
1953,48,1
1954,48,1
1955,48,1
1955,48,1
1955,47,1
1786,46,1
